CoxGLM_0	CoxGLM_0.2	CoxGLM_0.4	CoxGLM_0.6	CoxGLM_0.8	CoxGLM_1
1	0.725900482977351	0.725110874228486	0.723808019792859	0.724360745917065	0.724189664021477	0.724321265479622
2	0.694789018157537	0.701312376402907	0.702044328017053	0.702519454503429	0.702557978272594	0.702789120887588
3	0.718767580296984	0.718322757898868	0.717969516582717	0.718178844770066	0.717315365997253	0.717341532020671
4	0.714110298435748	0.726189205061129	0.728671720676953	0.729619347605574	0.729779509903369	0.73005979392451
5	0.711693198649604	0.716990699350155	0.716376883148076	0.716350195487117	0.716243444843277	0.716110006538477
6	0.699446070365393	0.703754411967895	0.70438245010237	0.704520618491955	0.704935123660709	0.704960245186088
7	0.715405290329448	0.721033583479696	0.721379530576401	0.721299696631007	0.721392836233967	0.721339613603704
8	0.69650118827568	0.701280697121732	0.70266701874835	0.702851861631899	0.70307631370478	0.703195141272775
9	0.717304833460565	0.720103928107464	0.719220003482127	0.719461073834492	0.717371797447333	0.717144119892322
10	0.732237589363266	0.726879134095009	0.725302331796619	0.724981626244404	0.724701008886216	0.724460479722055
11	0.733642679040495	0.738976225715695	0.739082896649199	0.739629585183407	0.739869594783791	0.739309572382895
12	0.695964044712306	0.697432133106681	0.696878380466698	0.696633699067635	0.696363261731829	0.696492041415546
13	0.742251735271434	0.742944536672723	0.742225591822329	0.741323642828198	0.741336714552751	0.741402073175514
14	0.712928164930742	0.721061956405025	0.721115644797595	0.721343820466015	0.721102222699452	0.721048534306883
15	0.677148271580736	0.679448474155394	0.680428674116186	0.68074233810364	0.680820754100503	0.680859962098935
16	0.719078410283656	0.723315753327027	0.722706716253515	0.722227261536069	0.722460509776989	0.722408676834562
17	0.741540483630853	0.745832271562881	0.744316733949384	0.744732500905299	0.744236262925658	0.744222851088371
18	0.710548133248162	0.715712790681871	0.715767155496962	0.716215665221469	0.716650583742202	0.717017546244071
19	0.699519559037132	0.702660426313764	0.702201089992675	0.702499037876625	0.702672840808929	0.702424550905637
20	0.694059673282031	0.69678682327528	0.695369245308492	0.694221682192521	0.694073174024571	0.692993114621304
21	0.720288099610571	0.726670053009286	0.728350199924458	0.729287956342229	0.728806053738652	0.728793029343961
22	0.71063544805914	0.710893027329161	0.710197563300106	0.709540736161554	0.709411946526543	0.70924452000103
23	0.716392409495133	0.720187661928436	0.719921574119459	0.720355717386738	0.720397731251313	0.720271689657587
24	0.700125454286786	0.7114551403924	0.713239953956983	0.713860758675099	0.714261695055549	0.714261695055549
25	0.701638702095711	0.707083632565124	0.707161976888425	0.707279493373376	0.707370895083894	0.707292550760593
