chains	inicc	n	burnin	space	n_components	component_0	assignment	Davies_Bouldin	Silhouette
3	12	300	5000	20	10	44	1716	3.14233740585869	NA
3	12	300	5000	20	9	5	1761	3.23015026976641	NA
3	12	300	5000	20	8	0	1794	2.79262037864535	NA
3	12	300	5000	20	2	193	2055	3.91337471480656	0.0628901129814577
3	12	300	7000	20	10	86	1723	3.11825806301977	NA
3	12	300	7000	20	9	1	1694	3.03640206605885	NA
3	12	300	7000	20	8	0	1796	2.79063489080715	NA
3	12	300	7000	20	3	0	2034	3.93940713977732	0.0616461250173189
3	12	350	5000	20	10	58	1707	3.12716235176985	NA
3	12	350	5000	20	9	4	1754	3.19203856653285	NA
3	12	350	5000	20	8	0	1800	2.78129579783386	NA
3	12	350	5000	20	3	0	2042	3.9057595001884	0.0622335132170941
3	12	350	7000	20	10	84	1715	3.11665556271963	NA
3	12	350	7000	20	8	204	1791	3.25523103221688	NA
3	12	350	7000	20	8	0	1797	2.779610054128	NA
3	12	350	7000	20	3	0	2017	3.93233187930093	0.0618305288299456
3	12	400	5000	20	10	63	1701	3.12832064910765	NA
3	12	400	5000	20	9	2	1768	3.14820528475876	NA
3	12	400	5000	20	8	0	1798	2.77953235337743	NA
3	12	400	5000	20	3	0	2027	3.92162852309239	0.0619088397708359
3	12	400	7000	20	10	79	1704	3.13827072506405	NA
3	12	400	7000	20	8	191	1797	3.26612211688047	NA
3	12	400	7000	20	8	0	1800	2.7784167924125	NA
3	12	400	7000	20	3	0	2008	3.93199030527157	0.0617750280842231
3	12	450	5000	20	10	61	1704	3.12756372579273	NA
3	12	450	5000	20	8	218	1789	3.25417069687092	NA
3	12	450	5000	20	8	0	1799	2.78341885548922	NA
3	12	450	5000	20	3	0	2017	3.92457818758401	0.0619096323224047
3	12	450	7000	20	10	76	1707	3.15018818437399	NA
3	12	450	7000	20	8	185	1800	3.28051015939606	NA
3	12	450	7000	20	8	0	1798	2.77197608403988	NA
3	12	450	7000	20	3	0	2008	3.9267178379168	0.0619868034556914
3	13	300	5000	20	9	40	1737	3.04843235611744	NA
3	13	300	5000	20	8	64	1733	3.44804466261531	0.033577582200589
3	13	300	5000	20	9	8	1730	3.01298128752448	NA
3	13	300	5000	20	3	287	1877	3.98155514470629	0.0367121046935831
3	13	300	7000	20	10	0	1750	3.04306585080032	NA
3	13	300	7000	20	10	2	1746	3.01540120186014	NA
3	13	300	7000	20	9	2	1751	3.07309912710285	NA
3	13	300	7000	20	4	0	1876	4.02674663421117	0.0354735578824874
3	13	350	5000	20	9	43	1741	3.04084100904426	NA
3	13	350	5000	20	8	62	1721	3.44826283867606	0.0346904423492565
3	13	350	5000	20	9	7	1746	2.99712572157753	NA
3	13	350	5000	20	3	279	1878	3.99131498496465	0.0361076862219925
3	13	350	7000	20	10	0	1749	3.05225652090812	NA
3	13	350	7000	20	10	1	1730	2.93802751380221	NA
3	13	350	7000	20	9	1	1726	2.93684772563364	NA
3	13	350	7000	20	4	0	1880	4.02876549409798	0.035991165780531
3	13	400	5000	20	9	45	1746	3.04150647761495	NA
3	13	400	5000	20	8	56	1731	3.45258793247605	0.0377829401062536
3	13	400	5000	20	9	7	1747	2.99413293322691	NA
3	13	400	5000	20	4	0	1877	4.01508674715817	0.0360903023804401
3	13	400	7000	20	10	0	1745	3.05362775899863	NA
3	13	400	7000	20	10	1	1729	2.9397125242327	NA
3	13	400	7000	20	9	1	1727	2.9219319816576	NA
3	13	400	7000	20	4	0	1880	4.04329247373121	0.0357980807732709
3	13	450	5000	20	9	45	1745	3.04622647554903	NA
3	13	450	5000	20	8	57	1728	3.4381587140412	0.0368608349434634
3	13	450	5000	20	9	6	1753	2.98374256363653	NA
3	13	450	5000	20	4	0	1874	4.01334211020804	0.0355847901184954
3	13	450	7000	20	10	0	1750	3.06445502821864	NA
3	13	450	7000	20	10	3	1744	3.01681191627572	NA
3	13	450	7000	20	9	1	1731	2.92091967173955	NA
3	13	450	7000	20	4	0	1876	4.04313149138402	0.0354035975662647
3	14	300	5000	20	9	103	1734	3.27380066821596	NA
3	14	300	5000	20	8	1	1735	3.2439411122372	NA
3	14	300	5000	20	7	204	1739	3.10676525244109	NA
3	14	300	5000	20	2	200	2010	3.92830298083943	0.0616148449058008
3	14	300	7000	20	10	27	1727	3.12900894166616	NA
3	14	300	7000	20	8	1	1738	3.23406784022743	NA
3	14	300	7000	20	7	202	1738	3.11881652120356	NA
3	14	300	7000	20	2	199	1991	3.92859805347158	0.06182378432637
3	14	350	5000	20	10	30	1731	3.11285926808593	NA
3	14	350	5000	20	8	1	1740	3.23292921830733	NA
3	14	350	5000	20	7	205	1742	3.11162434404026	NA
3	14	350	5000	20	2	200	1999	3.92959477016973	0.0616690311291302
3	14	350	7000	20	10	28	1731	3.11266739725571	NA
3	14	350	7000	20	8	1	1732	3.26590201407704	NA
3	14	350	7000	20	7	202	1734	3.11441555384179	NA
3	14	350	7000	20	3	0	1998	3.92111870231934	0.0622150833448877
3	14	400	5000	20	10	30	1734	3.11665589295019	NA
3	14	400	5000	20	8	1	1732	3.25523286554785	NA
3	14	400	5000	20	7	206	1739	3.11671517739109	NA
3	14	400	5000	20	2	200	1993	3.93011494118827	0.0617961371332014
3	14	400	7000	20	10	29	1736	3.11288439192254	NA
3	14	400	7000	20	8	1	1733	3.2657797876267	NA
3	14	400	7000	20	7	203	1733	3.12046499177218	NA
3	14	400	7000	20	3	0	1999	3.92290424409131	0.0620910759472762
3	14	450	5000	20	10	31	1732	3.1087359813133	NA
3	14	450	5000	20	8	1	1732	3.25635077633375	NA
3	14	450	5000	20	7	202	1733	3.10715947191126	NA
3	14	450	5000	20	3	0	2005	3.92228021297442	0.062065478438032
3	14	450	7000	20	10	30	1732	3.11431255959128	NA
3	14	450	7000	20	8	9	1778	3.2599407442033	NA
3	14	450	7000	20	7	207	1735	3.12906262397606	NA
3	14	450	7000	20	3	0	2015	3.9100478968453	0.0624656307918981
3	15	300	5000	20	8	38	1734	3.261729936081	NA
3	15	300	5000	20	7	119	1794	3.66539385658799	0.0261008033921052
3	15	300	5000	20	7	205	1753	3.42024499864765	NA
3	15	300	5000	20	3	159	1877	3.94184607205406	0.0368311283600726
3	15	300	7000	20	8	48	1722	3.2899327887889	NA
3	15	300	7000	20	8	124	1789	3.26987330432602	NA
3	15	300	7000	20	7	22	1815	2.63460753280555	NA
3	15	300	7000	20	3	159	1870	3.93682125021434	0.0398020531079578
3	15	350	5000	20	8	37	1744	3.21908780290199	NA
3	15	350	5000	20	6	136	1786	3.94480246948244	0.0203575919285079
3	15	350	5000	20	6	34	1799	2.8795389780166	NA
3	15	350	5000	20	3	152	1869	3.93624345836637	0.0381320001710762
3	15	350	7000	20	8	49	1719	3.28439204058053	NA
3	15	350	7000	20	8	121	1789	3.264808564797	NA
3	15	350	7000	20	7	181	1765	3.34394980385093	NA
3	15	350	7000	20	3	157	1872	3.92841265266198	0.040146433454395
3	15	400	5000	20	8	41	1731	3.24474791929984	NA
3	15	400	5000	20	6	138	1783	3.93361497189547	0.0209554332621799
3	15	400	5000	20	6	195	1764	3.66128027528114	NA
3	15	400	5000	20	3	151	1863	3.92115015740078	0.0401222672931966
3	15	400	7000	20	8	52	1716	3.28528544026825	NA
3	15	400	7000	20	8	120	1788	3.26839232898893	NA
3	15	400	7000	20	7	180	1774	3.33874836133082	NA
3	15	400	7000	20	3	160	1863	3.92104186248336	0.0403097338371458
3	15	450	5000	20	8	43	1728	3.24777981855555	NA
3	15	450	5000	20	6	134	1779	3.94117826760804	0.0202036278435263
3	15	450	5000	20	6	196	1760	3.65088062935773	NA
3	15	450	5000	20	3	156	1862	3.91512788156278	0.0404534370792086
3	15	450	7000	20	8	48	1725	3.27899793926274	NA
3	15	450	7000	20	8	122	1794	3.25579983577493	NA
3	15	450	7000	20	7	178	1771	3.34251335041476	NA
3	15	450	7000	20	3	161	1875	3.9173677101632	0.0402975583847324
3	16	300	5000	20	10	4	1767	2.94551367605779	NA
3	16	300	5000	20	7	116	1763	3.55552500761974	NA
3	16	300	5000	20	8	72	1765	3.18745646337234	NA
3	16	300	5000	20	3	171	1869	3.88107386413823	0.0418171856116057
3	16	300	7000	20	10	4	1761	2.95495005834192	NA
3	16	300	7000	20	8	89	1780	3.31806290704277	NA
3	16	300	7000	20	8	72	1774	3.17119884605559	NA
3	16	300	7000	20	3	175	1880	3.88270641105477	0.0417331892157917
3	16	350	5000	20	10	4	1766	2.94723840195144	NA
3	16	350	5000	20	7	105	1762	3.53211315708188	NA
3	16	350	5000	20	8	72	1762	3.19039838725739	NA
3	16	350	5000	20	3	169	1870	3.87023109169733	0.0421800602903369
3	16	350	7000	20	10	4	1757	2.96488754612555	NA
3	16	350	7000	20	8	84	1781	3.30208053526445	NA
3	16	350	7000	20	8	69	1763	3.17653330095371	NA
3	16	350	7000	20	3	171	1872	3.88530713934981	0.0417793164397133
3	16	400	5000	20	9	5	1761	3.2324811337014	0.0496999667927453
3	16	400	5000	20	8	97	1769	3.32872602065739	NA
3	16	400	5000	20	8	71	1767	3.17739743831322	NA
3	16	400	5000	20	3	171	1867	3.88202961850865	0.0415542786982336
3	16	400	7000	20	9	49	1754	3.08232379779507	NA
3	16	400	7000	20	7	329	1846	3.34855114958872	NA
3	16	400	7000	20	8	71	1763	3.17820935142607	NA
3	16	400	7000	20	3	173	1873	3.87991981318301	0.0420582481238647
3	16	450	5000	20	9	5	1759	3.23388589031139	0.0499036509562949
3	16	450	5000	20	8	93	1771	3.33370372074706	NA
3	16	450	5000	20	8	71	1756	3.18554369054641	NA
3	16	450	5000	20	3	171	1867	3.88129760889041	0.041787516811228
3	16	450	7000	20	9	48	1752	3.08295659350133	NA
3	16	450	7000	20	7	326	1855	3.35597783369827	NA
3	16	450	7000	20	8	71	1766	3.18002280100759	NA
3	16	450	7000	20	3	173	1874	3.87823271618656	0.0421065632665204
3	17	300	5000	20	9	86	1722	3.37121400965112	0.0449578823892463
3	17	300	5000	20	6	413	1807	3.56694780620952	NA
3	17	300	5000	20	8	80	1715	3.30291923790537	NA
3	17	300	5000	20	3	156	1864	3.93906898762199	0.0377892075051335
3	17	300	7000	20	9	70	1723	3.35189259889983	0.0449519451951301
3	17	300	7000	20	5	340	1836	4.15980387857563	0.0186381121778715
3	17	300	7000	20	8	78	1730	3.29292018673177	NA
3	17	300	7000	20	3	160	1876	3.94336409228046	0.0365889410461065
3	17	350	5000	20	9	78	1727	3.37487661829628	0.0452241593108061
3	17	350	5000	20	6	397	1803	3.57519231487391	NA
3	17	350	5000	20	8	81	1718	3.30430223106227	NA
3	17	350	5000	20	3	156	1856	3.93636484017508	0.0375925520749336
3	17	350	7000	20	9	72	1731	3.34563998238563	0.0447205665396069
3	17	350	7000	20	5	335	1832	4.16214577966254	0.0191866885880888
3	17	350	7000	20	8	76	1731	3.31352513384843	NA
3	17	350	7000	20	3	160	1866	3.9285653712643	0.037249295577697
3	17	400	5000	20	9	79	1729	3.35835300517948	0.0446707069417656
3	17	400	5000	20	6	371	1817	3.62089643614365	NA
3	17	400	5000	20	8	80	1724	3.29174621044302	NA
3	17	400	5000	20	3	153	1872	3.93348886356601	0.036836122768419
3	17	400	7000	20	9	72	1734	3.33852886631254	0.0456683061089444
3	17	400	7000	20	5	335	1828	4.17303882962333	0.019513398364638
3	17	400	7000	20	8	76	1734	3.29293509526985	NA
3	17	400	7000	20	3	159	1866	3.93473113876108	0.0383996746855274
3	17	450	5000	20	9	76	1738	3.34555208685539	0.0451393588316448
3	17	450	5000	20	6	368	1810	3.62188573317459	NA
3	17	450	5000	20	8	80	1725	3.29498217552163	NA
3	17	450	5000	20	3	152	1869	3.92182028215192	0.0370139416936489
3	17	450	7000	20	9	71	1729	3.34161926784887	0.0456507154176353
3	17	450	7000	20	5	339	1818	4.16351123991998	0.0201442188108212
3	17	450	7000	20	8	76	1736	3.29100468949558	NA
3	17	450	7000	20	3	158	1863	3.92954139995224	0.0379959045899945
